77
1 2
1 3
1 4
1 5
1 23
1 33
2 3
2 4
2 22
2 69
2 70
3 21
3 22
3 23
3 24
4 5
4 6
4 70
4 71
5 6
5 7
5 32
5 33
6 7
6 8
6 62
6 71
7 8
7 9
7 31
7 32
8 9
8 10
8 60
8 62
9 10
9 11
9 30
9 31
10 11
10 12
10 62
10 63
11 12
11 13
11 29
11 30
12 13
12 14
12 63
12 64
13 14
13 15
13 28
13 29
14 15
14 16
14 64
14 65
15 16
15 17
15 27
15 28
16 17
16 18
16 65
16 66
17 18
17 19
17 26
17 27
18 19
18 20
18 66
18 67
19 20
19 21
19 25
19 26
20 21
20 22
20 67
20 68
21 22
21 24
21 25
22 68
22 69
23 24
23 33
23 34
23 35
24 25
24 35
24 36
25 26
25 36
25 37
26 27
26 37
26 38
27 28
27 38
27 39
28 29
28 39
28 40
29 30
29 40
29 41
30 31
30 41
30 42
31 32
31 42
31 43
32 33
32 43
32 44
33 34
33 44
34 35
34 44
34 45
34 64
35 36
35 45
35 46
36 37
36 46
36 47
37 38
37 47
37 48
38 39
38 48
38 49
39 40
39 49
39 50
40 41
40 50
40 51
41 42
41 51
41 52
42 43
42 52
42 53
43 44
43 53
43 54
44 45
44 54
45 46
45 54
45 55
46 47
46 55
46 56
47 48
47 56
47 66
48 49
48 56
48 57
49 50
49 57
49 68
50 51
50 57
50 58
51 52
51 58
51 59
52 53
52 59
52 70
53 54
53 59
53 60
54 55
54 60
55 56
55 60
55 61
56 57
56 61
57 58
57 61
58 59
58 61
58 77
59 60
59 61
60 61
62 63
62 71
62 72
63 64
63 72
63 73
64 65
64 73
65 66
65 73
65 74
66 67
66 74
67 68
67 74
67 75
68 69
68 75
69 70
69 75
69 76
70 71
70 76
71 72
71 76
72 73
72 76
72 77
73 74
73 77
74 75
74 77
75 76
75 77
76 77
