150
1 2 73
1 22 78
1 23 83
2 3 82
2 117 56
3 4 30
3 43 12
4 5 51
4 119 24
5 6 18
5 41 21
6 7 20
6 121 78
7 8 51
7 39 67
8 9 77
8 123 89
9 10 38
9 37 94
10 11 67
10 125 42
11 12 76
11 35 43
12 13 43
12 127 42
13 14 86
13 33 14
14 15 96
14 129 18
15 16 58
15 31 35
16 17 6
16 110 82
17 18 100
17 29 62
18 19 54
18 111 3
19 20 99
19 27 41
20 21 74
20 113 78
21 22 57
21 25 40
22 115 27
23 24 1
23 44 35
24 25 87
24 47 82
25 26 36
26 27 25
26 49 30
27 28 27
28 29 34
28 51 26
29 30 1
30 31 49
30 53 48
31 32 78
32 33 80
32 55 33
33 34 59
34 35 55
34 57 9
35 36 52
36 37 44
36 59 73
37 38 30
38 39 9
38 61 8
39 40 35
40 41 17
40 63 48
41 42 93
42 43 82
42 65 96
43 44 9
44 45 54
45 46 82
45 66 30
46 47 26
46 68 60
47 48 46
48 49 8
48 70 32
49 50 6
50 51 69
50 72 47
51 52 89
52 53 8
52 74 17
53 54 2
54 55 4
54 76 98
55 56 35
56 57 13
56 78 61
57 58 4
58 59 56
58 80 19
59 60 27
60 61 64
60 82 11
61 62 38
62 63 52
62 84 56
63 64 56
64 65 39
64 86 51
65 66 20
66 67 19
67 68 87
67 87 72
68 69 50
69 70 11
69 89 28
70 71 57
71 72 97
71 91 86
72 73 58
73 74 4
73 92 24
74 75 94
75 76 22
75 94 81
76 77 81
77 78 92
77 95 58
78 79 45
79 80 50
79 97 31
80 81 61
81 82 47
81 99 63
82 83 6
83 84 31
83 100 52
84 85 52
85 86 31
85 102 50
86 87 48
87 88 6
88 89 66
88 103 78
89 90 66
90 91 99
90 105 93
91 92 56
92 93 100
93 94 23
93 106 53
94 95 83
95 96 58
96 97 4
96 107 4
97 98 70
98 99 73
98 108 54
99 100 91
100 101 53
101 102 13
101 109 63
102 103 56
103 104 98
104 105 58
104 109 23
105 106 80
106 107 92
107 108 66
108 109 3
110 111 20
110 130 18
111 112 61
112 113 82
112 132 83
113 114 22
114 115 64
114 134 64
115 116 86
116 117 88
116 135 52
117 118 77
118 119 76
118 137 93
119 120 73
120 121 25
120 138 23
121 122 92
122 123 25
122 140 7
123 124 83
124 125 75
124 141 66
125 126 66
126 127 6
126 143 75
127 128 83
128 129 83
128 144 67
129 130 18
130 131 38
131 132 19
131 145 2
132 133 43
133 134 45
133 147 31
134 135 66
135 136 83
136 137 67
136 148 80
137 138 16
138 139 62
139 140 18
139 149 56
140 141 3
141 142 59
142 143 54
142 150 80
143 144 56
144 145 37
145 146 35
146 147 6
146 150 95
147 148 61
148 149 7
149 150 34
