150
1 2 28
1 22 28
1 23 19
2 1 30
2 3 27
2 113 20
3 2 19
3 4 2
3 43 23
4 3 27
4 5 22
4 115 27
5 4 15
5 6 22
5 41 17
6 5 14
6 7 26
6 117 11
7 6 11
7 8 21
7 39 9
8 7 30
8 9 16
8 119 8
9 8 14
9 10 30
9 37 7
10 9 2
10 11 28
10 121 13
11 10 26
11 12 3
11 35 7
12 11 29
12 13 28
12 123 19
13 12 16
13 14 10
13 33 3
14 13 13
14 15 9
14 125 17
15 14 28
15 16 30
15 31 15
16 15 20
16 17 5
16 127 14
17 16 28
17 18 15
17 29 23
18 17 19
18 19 18
18 129 5
19 18 25
19 20 28
19 27 30
20 19 21
20 21 17
20 110 1
21 20 21
21 22 14
21 25 16
22 1 6
22 21 10
22 111 30
23 1 30
23 24 27
23 44 10
24 23 6
24 25 11
24 47 9
25 21 24
25 24 16
25 26 23
26 25 17
26 27 5
26 49 20
27 19 3
27 26 9
27 28 10
28 27 11
28 29 6
28 51 26
29 17 13
29 28 18
29 30 24
30 29 6
30 31 25
30 53 8
31 15 12
31 30 24
31 32 22
32 31 30
32 33 11
32 55 15
33 13 9
33 32 3
33 34 4
34 33 18
34 35 13
34 57 22
35 11 4
35 34 7
35 36 30
36 35 1
36 37 3
36 59 7
37 9 13
37 36 8
37 38 16
38 37 1
38 39 9
38 61 20
39 7 15
39 38 3
39 40 24
40 39 26
40 41 13
40 63 5
41 5 12
41 40 18
41 42 3
42 41 2
42 43 15
42 65 4
43 3 6
43 42 3
43 44 25
44 23 3
44 43 17
44 45 17
45 44 30
45 46 18
45 66 12
46 45 14
46 47 11
46 68 12
47 24 20
47 46 28
47 48 24
48 47 28
48 49 16
48 70 12
49 26 5
49 48 26
49 50 26
50 49 8
50 51 24
50 72 16
51 28 16
51 50 8
51 52 22
52 51 6
52 53 7
52 74 14
53 30 4
53 52 14
53 54 16
54 53 7
54 55 19
54 76 19
55 32 28
55 54 10
55 56 8
56 55 5
56 57 4
56 78 17
57 34 12
57 56 22
57 58 13
58 57 15
58 59 14
58 80 7
59 36 24
59 58 8
59 60 29
60 59 16
60 61 18
60 82 25
61 38 7
61 60 7
61 62 28
62 61 25
62 63 13
62 84 17
63 40 14
63 62 15
63 64 30
64 63 1
64 65 30
64 86 10
65 42 1
65 64 2
65 66 5
66 45 11
66 65 19
66 67 2
67 66 19
67 68 11
67 87 20
68 46 1
68 67 22
68 69 28
69 68 8
69 70 2
69 89 13
70 48 12
70 69 10
70 71 16
71 70 20
71 72 9
71 91 9
72 50 5
72 71 26
72 73 27
73 72 17
73 74 30
73 92 28
74 52 23
74 73 30
74 75 24
75 74 4
75 76 29
75 94 27
76 54 25
76 75 28
76 77 23
77 76 24
77 78 9
77 95 12
78 56 22
78 77 28
78 79 28
79 78 6
79 80 6
79 97 22
80 58 17
80 79 29
80 81 13
81 80 6
81 82 4
81 99 23
82 60 17
82 81 10
82 83 15
83 82 18
83 84 4
83 100 14
84 62 25
84 83 5
84 85 18
85 84 6
85 86 19
85 102 15
86 64 23
86 85 21
86 87 25
87 67 24
87 86 12
87 88 17
88 87 4
88 89 17
88 103 16
89 69 13
89 88 13
89 90 1
90 89 12
90 91 21
90 105 19
91 71 17
91 90 7
91 92 8
92 73 14
92 91 27
92 93 17
93 92 2
93 94 13
93 106 13
94 75 6
94 93 29
94 95 24
95 77 2
95 94 22
95 96 13
96 95 16
96 97 1
96 107 13
97 79 27
97 96 19
97 98 18
98 97 25
98 99 15
98 108 24
99 81 30
99 98 27
99 100 29
100 83 9
100 99 7
100 101 4
101 100 18
101 102 18
101 109 17
102 85 14
102 101 30
102 103 12
103 88 18
103 102 22
103 104 27
104 103 28
104 105 7
104 109 16
105 90 20
105 104 21
105 106 29
106 93 26
106 105 1
106 107 23
107 96 4
107 106 4
107 108 17
108 98 15
108 107 4
108 109 12
109 101 26
109 104 1
109 108 18
110 20 11
110 111 9
110 130 13
111 22 25
111 110 16
111 112 18
112 111 3
112 113 17
112 132 17
113 2 3
113 112 19
113 114 10
114 113 22
114 115 29
114 134 20
115 4 26
115 114 2
115 116 30
116 115 6
116 117 10
116 135 18
117 6 2
117 116 26
117 118 21
118 117 2
118 119 26
118 137 23
119 8 22
119 118 16
119 120 11
120 119 1
120 121 22
120 138 24
121 10 2
121 120 28
121 122 22
122 121 8
122 123 18
122 140 14
123 12 8
123 122 25
123 124 6
124 123 7
124 125 26
124 141 20
125 14 20
125 124 7
125 126 13
126 125 19
126 127 2
126 143 2
127 16 25
127 126 29
127 128 7
128 127 26
128 129 23
128 144 27
129 18 7
129 128 5
129 130 9
130 110 30
130 129 16
130 131 20
131 130 6
131 132 21
131 145 13
132 112 9
132 131 25
132 133 19
133 132 14
133 134 16
133 147 14
134 114 26
134 133 28
134 135 26
135 116 3
135 134 17
135 136 18
136 135 5
136 137 8
136 148 9
137 118 5
137 136 12
137 138 9
138 120 21
138 137 11
138 139 29
139 138 11
139 140 14
139 149 20
140 122 3
140 139 27
140 141 6
141 124 9
141 140 12
141 142 13
142 141 19
142 143 21
142 150 12
143 126 13
143 142 13
143 144 29
144 128 2
144 143 30
144 145 28
145 131 30
145 144 1
145 146 1
146 145 26
146 147 8
146 150 12
147 133 12
147 146 23
147 148 21
148 136 3
148 147 3
148 149 8
149 139 7
149 148 11
149 150 18
150 142 1
150 146 6
150 149 22
